room_reser
13	1	19/01/01	9	9	1	1901010001
14	1	19/01/02	9	9	2	1901020001
15	1	19/01/03	9	9	3	1901030001
16	1	19/01/04	9	9	3	1901040001
17	7	19/01/01	18	2	1	1901010002
18	7	19/01/02	18	2	2	1901020002
19	10	19/10/31	13	3	1	1910310001
20	10	19/10/31	18	3	1	1910310002
21	10	19/11/20	13	3	1	1911200001
22	10	19/11/21	14	3	1	1911210001

------------------------------------------------------------------

room_time
1	0	13	1000	1
2	13	24	1800	1
3	0	13	1000	2
4	13	18	1800	2
5	0	13	1000	3
6	13	18	1800	3
7	0	9	1500	4
8	9	18	2000	4
9	18	24	2500	4
10	0	9	1500	5
11	9	18	2000	5
12	18	24	2500	5
13	0	9	2000	6
14	9	18	2500	6
15	18	24	3000	6
16	0	9	3000	7
17	9	18	3500	7
18	18	24	4000	7
19	0	9	4000	8
20	9	18	4500	8
21	18	24	5000	8
22	0	13	1000	9
23	13	18	1800	9
24	0	13	1000	10
25	13	18	1800	10
26	0	13	1000	11
27	13	18	1800	11
28	0	13	1400	12
29	13	24	1800	12
30	0	13	1400	13
31	13	18	1800	13
32	0	13	1500	14
33	13	24	1800	14
34	0	13	1500	15
35	13	24	1800	15
36	0	13	1600	16
37	13	24	1800	16
38	0	13	1600	17
39	13	24	1800	17
40	0	13	1200	18
41	13	24	1800	18
42	0	13	1200	19
43	13	24	1800	19
44	0	13	1200	20
45	13	18	1800	20
46	0	13	1200	21
47	13	18	1800	21
48	0	13	1200	22
49	13	18	1800	22
50	0	13	1200	23
51	13	24	1800	23
52	0	13	1100	24
53	13	24	1800	24
54	0	13	1100	25
55	13	18	1800	25
57	9	18	2000	1
------------------------------------------------------------------
room
1	룸1	1
2	룸2	1
3	룸3	1
4	펭귄	2
5	북극곰	2
6	호랑이	2
7	사자	2
8	토끼	2
9	해바라기	3
10	장미	3
11	수국	3
12	1번방	4
13	2번방	4
14	왕꿈틀이방	5
15	마이구미방	5
16	물고기자리방	6
17	물병자리방	6
18	피아노방	7
19	바이올린방	7
20	도레미방	8
21	파솔라방	8
22	아이폰방	9
23	갤럭시방	9
24	계곡방	10
25	바다방	10
------------------------------------------------------------------
payment
1901010001	카카오페이	18000		11
1901010002	카카오페이	7000		11
1901020001	카카오페이	18000		11
1901020002	카카오페이	7000		11
1901030001	카카오페이	18000		11
1901040001	카카오페이	18000		11
1910250001	카카오페이	3700	QP010	1
1910250002	카카오페이	5600		1
1910260001	카카오페이	5600		1
1910260002	카카오페이	8400		1
1910260003	카카오페이	6000		1
1910260004	카카오페이	11200		1
1910270001	카카오페이	5400		1
1910270002	카카오페이	10000		1
1910280001	카카오페이	43200		1
1910280002	카카오페이	26400		1
1910310001	카카오페이	3000		11
1910310002	카카오페이	3000		11
1911200001	카카오페이	3000		11
1911210001	카카오페이	3000		11
------------------------------------------------------------------
customer
11	박스녕	조조		010-7474-0305	경기도 김포시 고촌읍	zo0313zo@gmail.com	ezor123	ezor123	